Rank	Doc_id	Score		Document Name
1.	3126	1.1755296	CACM-3127.html
2.	1460	0.50642985	CACM-1461.html
3.	3067	0.40902123	CACM-3068.html
4.	2245	0.3299833	CACM-2246.html
5.	2110	0.3230007	CACM-2111.html
6.	2068	0.31651866	CACM-2069.html
7.	2318	0.30766326	CACM-2319.html
8.	2739	0.30766326	CACM-2740.html
9.	1461	0.28890023	CACM-1462.html
10.	1727	0.28890023	CACM-1728.html
11.	2596	0.28045723	CACM-2597.html
12.	2628	0.28045723	CACM-2629.html
13.	1749	0.2741132	CACM-1750.html
14.	2371	0.26916727	CACM-2372.html
15.	1246	0.26857498	CACM-1247.html
16.	2079	0.26857498	CACM-2080.html
17.	2481	0.26857498	CACM-2482.html
18.	2866	0.26857498	CACM-2867.html
19.	2378	0.26133278	CACM-2379.html
20.	1922	0.25321493	CACM-1923.html
21.	1679	0.24681911	CACM-1680.html
22.	2839	0.24135262	CACM-2840.html
23.	3024	0.24135262	CACM-3025.html
24.	2620	0.23838985	CACM-2621.html
25.	2377	0.23371433	CACM-2378.html
26.	2540	0.23371433	CACM-2541.html
27.	2631	0.23371433	CACM-2632.html
28.	1746	0.23342077	CACM-1747.html
29.	2316	0.23112017	CACM-2317.html
30.	2423	0.22735322	CACM-2424.html
31.	2137	0.22647284	CACM-2138.html
32.	2150	0.22647284	CACM-2151.html
33.	1750	0.2238125	CACM-1751.html
34.	2319	0.2238125	CACM-2320.html
35.	2949	0.2238125	CACM-2950.html
36.	3195	0.22226858	CACM-3196.html
37.	3173	0.22156307	CACM-3174.html
38.	1929	0.21998885	CACM-1930.html
39.	1225	0.21734169	CACM-1226.html
40.	3140	0.21734169	CACM-3141.html
41.	1323	0.21344522	CACM-1324.html
42.	1950	0.21344522	CACM-1951.html
43.	2521	0.21344522	CACM-2522.html
44.	1235	0.20095375	CACM-1236.html
45.	1751	0.20095375	CACM-1752.html
46.	2776	0.20095375	CACM-2777.html
47.	321	0.1986582	CACM-0322.html
48.	2623	0.1986582	CACM-2624.html
49.	3025	0.1986582	CACM-3026.html
50.	2357	0.1930821	CACM-2358.html
51.	2373	0.18991122	CACM-2374.html
52.	3136	0.18991122	CACM-3137.html
53.	2035	0.18111807	CACM-2036.html
54.	3027	0.18111807	CACM-3028.html
55.	2183	0.160763	CACM-2184.html
56.	2296	0.160763	CACM-2297.html
57.	2621	0.160763	CACM-2622.html
58.	1891	0.15892656	CACM-1892.html
59.	2624	0.15892656	CACM-2625.html
60.	695	0.15825933	CACM-0696.html
61.	1646	0.15825933	CACM-1647.html
62.	2094	0.15825933	CACM-2095.html
63.	2581	0.15825933	CACM-2582.html
64.	2971	0.15825933	CACM-2972.html
65.	3005	0.15825933	CACM-3006.html
66.	3049	0.15825933	CACM-3050.html
67.	3104	0.15825933	CACM-3105.html
68.	1068	0.14430283	CACM-1069.html
69.	1754	0.14430283	CACM-1755.html
70.	2795	0.14430283	CACM-2796.html
71.	1516	0.12660746	CACM-1517.html
72.	1809	0.12660746	CACM-1810.html
73.	1853	0.12660746	CACM-1854.html
74.	1876	0.12660746	CACM-1877.html
75.	2341	0.12660746	CACM-2342.html
76.	2534	0.12660746	CACM-2535.html
77.	2541	0.12660746	CACM-2542.html
78.	2848	0.12660746	CACM-2849.html
79.	3001	0.12660746	CACM-3002.html
80.	1049	0.10307345	CACM-1050.html
81.	1471	0.10203751	CACM-1472.html
82.	1590	0.092191696	CACM-1591.html
83.	2356	0.08926423	CACM-2357.html
84.	2867	0.08926423	CACM-2868.html
85.	2919	0.08926423	CACM-2920.html
86.	17	0.08829741	CACM-0018.html
87.	24	0.08829741	CACM-0025.html
88.	596	0.08829741	CACM-0597.html
89.	651	0.08829741	CACM-0652.html
90.	1359	0.08829741	CACM-1360.html
91.	1463	0.08746072	CACM-1464.html
92.	2310	0.08637957	CACM-2311.html
93.	2406	0.08637957	CACM-2407.html
94.	2344	0.08110635	CACM-2345.html
95.	2582	0.07804462	CACM-2583.html
96.	237	0.07726023	CACM-0238.html
97.	650	0.07726023	CACM-0651.html
98.	794	0.07726023	CACM-0795.html
99.	1911	0.07726023	CACM-1912.html
100.	2689	0.07726023	CACM-2690.html
