Rank	Doc_id	Score		Document Name
1.	1794	0.64332205	CACM-1795.html
2.	2494	0.5975083	CACM-2495.html
3.	1946	0.5535952	CACM-1947.html
4.	2747	0.528035	CACM-2748.html
5.	2558	0.4950907	CACM-2559.html
6.	1885	0.44647112	CACM-1886.html
7.	2896	0.43843484	CACM-2897.html
8.	2903	0.38659886	CACM-2904.html
9.	3079	0.38377044	CACM-3080.html
10.	2490	0.37791464	CACM-2491.html
11.	2679	0.3617208	CACM-2680.html
12.	2536	0.3568571	CACM-2537.html
13.	3170	0.34712863	CACM-3171.html
14.	2463	0.3463252	CACM-2464.html
15.	1194	0.33868977	CACM-1195.html
16.	2252	0.32735753	CACM-2253.html
17.	2943	0.3262091	CACM-2944.html
18.	2928	0.31939238	CACM-2929.html
19.	1654	0.30841085	CACM-1655.html
20.	2715	0.28945735	CACM-2716.html
21.	1563	0.2743894	CACM-1564.html
22.	2422	0.2743894	CACM-2423.html
23.	2373	0.27298835	CACM-2374.html
24.	3004	0.26183242	CACM-3005.html
25.	2032	0.26124457	CACM-2033.html
26.	1650	0.24911706	CACM-1651.html
27.	2610	0.24534898	CACM-2611.html
28.	2857	0.24334013	CACM-2858.html
29.	3052	0.24334013	CACM-3053.html
30.	3053	0.24068223	CACM-3054.html
31.	266	0.24038294	CACM-0267.html
32.	229	0.23872676	CACM-0230.html
33.	796	0.23872676	CACM-0797.html
34.	1063	0.23872676	CACM-1064.html
35.	1288	0.23872676	CACM-1289.html
36.	2855	0.23869252	CACM-2856.html
37.	2432	0.23437612	CACM-2433.html
38.	1233	0.23171572	CACM-1234.html
39.	2700	0.22340249	CACM-2701.html
40.	1900	0.22280307	CACM-1901.html
41.	65	0.22071782	CACM-0066.html
42.	1756	0.21100664	CACM-1757.html
43.	1541	0.2106169	CACM-1542.html
44.	2132	0.21029912	CACM-2133.html
45.	1274	0.20888591	CACM-1275.html
46.	1413	0.20888591	CACM-1414.html
47.	2834	0.20701885	CACM-2835.html
48.	148	0.20604253	CACM-0149.html
49.	1669	0.20255528	CACM-1670.html
50.	1991	0.20255528	CACM-1992.html
51.	2721	0.19925252	CACM-2722.html
52.	2744	0.19869836	CACM-2745.html
53.	2733	0.19712423	CACM-2734.html
54.	2529	0.18242602	CACM-2530.html
55.	3128	0.17914577	CACM-3129.html
56.	1064	0.17904507	CACM-1065.html
57.	2585	0.17904507	CACM-2586.html
58.	47	0.17705749	CACM-0048.html
59.	1361	0.17705749	CACM-1362.html
60.	2710	0.1756262	CACM-2711.html
61.	2077	0.1752548	CACM-2078.html
62.	1806	0.17389299	CACM-1807.html
63.	1222	0.16849889	CACM-1223.html
64.	1234	0.16849351	CACM-1235.html
65.	3082	0.16805974	CACM-3083.html
66.	1368	0.16523181	CACM-1369.html
67.	1203	0.15765558	CACM-1204.html
68.	2644	0.15531684	CACM-2645.html
69.	2891	0.15143192	CACM-2892.html
70.	1707	0.14958504	CACM-1708.html
71.	92	0.14920424	CACM-0093.html
72.	2388	0.14902377	CACM-2389.html
73.	2862	0.14902377	CACM-2863.html
74.	1651	0.14447135	CACM-1652.html
75.	1675	0.14430216	CACM-1676.html
76.	2835	0.14363311	CACM-2836.html
77.	2523	0.1414585	CACM-2524.html
78.	1464	0.14062326	CACM-1465.html
79.	2125	0.13736169	CACM-2126.html
80.	1522	0.13666514	CACM-1523.html
81.	2229	0.13616589	CACM-2230.html
82.	1330	0.13049494	CACM-1331.html
83.	2497	0.12899466	CACM-2498.html
84.	793	0.12837844	CACM-0794.html
85.	2343	0.12832725	CACM-2344.html
86.	2949	0.12738775	CACM-2950.html
87.	123	0.12612447	CACM-0124.html
88.	1550	0.12612447	CACM-1551.html
89.	1269	0.12610742	CACM-1270.html
90.	1351	0.12610742	CACM-1352.html
91.	1428	0.12610742	CACM-1429.html
92.	2364	0.12610742	CACM-2365.html
93.	2815	0.12418647	CACM-2816.html
94.	2248	0.12392385	CACM-2249.html
95.	1029	0.1231686	CACM-1030.html
96.	692	0.12267449	CACM-0693.html
97.	1785	0.121533155	CACM-1786.html
98.	3174	0.121533155	CACM-3175.html
99.	3063	0.12141173	CACM-3064.html
100.	163	0.12103897	CACM-0164.html
