Rank	Doc_id	Score		Document Name
1.	2972	1.0088185	CACM-2973.html
2.	3074	0.9137456	CACM-3075.html
3.	2556	0.8322328	CACM-2557.html
4.	2265	0.8261164	CACM-2266.html
5.	3155	0.8261164	CACM-3156.html
6.	1600	0.76765776	CACM-1601.html
7.	949	0.68843037	CACM-0950.html
8.	1467	0.68843037	CACM-1468.html
9.	2432	0.594452	CACM-2433.html
10.	2569	0.594452	CACM-2570.html
11.	2288	0.5686563	CACM-2289.html
12.	1956	0.5663724	CACM-1957.html
13.	2837	0.5339811	CACM-2838.html
14.	2691	0.48292387	CACM-2692.html
15.	140	0.4730892	CACM-0141.html
16.	391	0.4730892	CACM-0392.html
17.	1301	0.4730892	CACM-1302.html
18.	2113	0.47197703	CACM-2114.html
19.	2722	0.47197703	CACM-2723.html
20.	2181	0.41395304	CACM-2182.html
21.	2684	0.40970725	CACM-2685.html
22.	2713	0.39114887	CACM-2714.html
23.	2895	0.35849383	CACM-2896.html
24.	1261	0.35481688	CACM-1262.html
25.	1366	0.35481688	CACM-1367.html
26.	1794	0.35481688	CACM-1795.html
27.	1827	0.35481688	CACM-1828.html
28.	2699	0.35481688	CACM-2700.html
29.	2006	0.3525926	CACM-2007.html
30.	370	0.34904885	CACM-0371.html
31.	1157	0.33452457	CACM-1158.html
32.	2784	0.30728042	CACM-2785.html
33.	1795	0.29918474	CACM-1796.html
34.	2951	0.29568073	CACM-2952.html
35.	2894	0.292709	CACM-2895.html
36.	1810	0.2897068	CACM-1811.html
37.	269	0.28207406	CACM-0270.html
38.	803	0.28207406	CACM-0804.html
39.	1341	0.28207406	CACM-1342.html
40.	1659	0.28207406	CACM-1660.html
41.	1951	0.28207406	CACM-1952.html
42.	2324	0.28207406	CACM-2325.html
43.	2341	0.2644649	CACM-2342.html
44.	2850	0.2644649	CACM-2851.html
45.	2400	0.25606704	CACM-2401.html
46.	2864	0.25606704	CACM-2865.html
47.	3058	0.25606704	CACM-3059.html
48.	2079	0.2508934	CACM-2080.html
49.	3072	0.2508934	CACM-3073.html
50.	1373	0.2468148	CACM-1374.html
51.	1850	0.2468148	CACM-1851.html
52.	1952	0.2468148	CACM-1953.html
53.	2225	0.2468148	CACM-2226.html
54.	2416	0.2468148	CACM-2417.html
55.	2724	0.2468148	CACM-2725.html
56.	2829	0.2468148	CACM-2830.html
57.	1550	0.2442833	CACM-1551.html
58.	1568	0.2365446	CACM-1569.html
59.	3043	0.2365446	CACM-3044.html
60.	2883	0.23321806	CACM-2884.html
61.	2901	0.21591799	CACM-2902.html
62.	2949	0.21591799	CACM-2950.html
63.	3165	0.21591799	CACM-3166.html
64.	1657	0.21155554	CACM-1658.html
65.	2024	0.21155554	CACM-2025.html
66.	2221	0.21155554	CACM-2222.html
67.	2361	0.21155554	CACM-2362.html
68.	2504	0.21155554	CACM-2505.html
69.	2862	0.21155554	CACM-2863.html
70.	2941	0.21155554	CACM-2942.html
71.	3060	0.21155554	CACM-3061.html
72.	2739	0.20907786	CACM-2740.html
73.	1007	0.20697652	CACM-1008.html
74.	1199	0.20697652	CACM-1200.html
75.	1379	0.20697652	CACM-1380.html
76.	2726	0.20697652	CACM-2727.html
77.	1746	0.20485362	CACM-1747.html
78.	1845	0.20485362	CACM-1846.html
79.	2174	0.20485362	CACM-2175.html
80.	2194	0.20485362	CACM-2195.html
81.	1872	0.19945648	CACM-1873.html
82.	2271	0.19945648	CACM-2272.html
83.	1923	0.19710524	CACM-1924.html
84.	2145	0.19710524	CACM-2146.html
85.	2272	0.19710524	CACM-2273.html
86.	2282	0.19710524	CACM-2283.html
87.	2902	0.19710524	CACM-2903.html
88.	3005	0.19710524	CACM-3006.html
89.	1391	0.18321247	CACM-1392.html
90.	2489	0.18321247	CACM-2490.html
91.	2678	0.18321247	CACM-2679.html
92.	2996	0.18321247	CACM-2997.html
93.	1340	0.17740844	CACM-1341.html
94.	1470	0.17740844	CACM-1471.html
95.	1535	0.17740844	CACM-1536.html
96.	1553	0.17740844	CACM-1554.html
97.	1602	0.17740844	CACM-1603.html
98.	1959	0.17740844	CACM-1960.html
99.	2375	0.17740844	CACM-2376.html
100.	2513	0.17740844	CACM-2514.html
