Rank	Doc_id	Score		Document Name
1.	2966	0.7082254	CACM-2967.html
2.	633	0.5461165	CACM-0634.html
3.	2972	0.5330611	CACM-2973.html
4.	1810	0.51177335	CACM-1811.html
5.	890	0.41518122	CACM-0891.html
6.	2529	0.40958735	CACM-2530.html
7.	2964	0.40958735	CACM-2965.html
8.	2975	0.40958735	CACM-2976.html
9.	3167	0.40958735	CACM-3168.html
10.	2287	0.40007916	CACM-2288.html
11.	1926	0.38666227	CACM-1927.html
12.	2277	0.37855646	CACM-2278.html
13.	2837	0.35851765	CACM-2838.html
14.	2881	0.35653657	CACM-2882.html
15.	1456	0.35578042	CACM-1457.html
16.	2139	0.35020137	CACM-2140.html
17.	1698	0.34822118	CACM-1699.html
18.	1600	0.34366482	CACM-1601.html
19.	3168	0.34132278	CACM-3169.html
20.	2515	0.3396688	CACM-2516.html
21.	1934	0.3378923	CACM-1935.html
22.	2518	0.32636416	CACM-2519.html
23.	3011	0.32482263	CACM-3012.html
24.	1680	0.31271085	CACM-1681.html
25.	2113	0.3120005	CACM-2114.html
26.	2174	0.30691025	CACM-2175.html
27.	1829	0.30682305	CACM-1830.html
28.	2864	0.29916105	CACM-2865.html
29.	1936	0.29438117	CACM-1937.html
30.	274	0.28660002	CACM-0275.html
31.	650	0.28660002	CACM-0651.html
32.	2069	0.28660002	CACM-2070.html
33.	2989	0.28351814	CACM-2990.html
34.	1674	0.27305824	CACM-1675.html
35.	2644	0.27148092	CACM-2645.html
36.	2722	0.26939452	CACM-2723.html
37.	2496	0.26721078	CACM-2497.html
38.	2306	0.2662603	CACM-2307.html
39.	1845	0.26329422	CACM-1846.html
40.	2454	0.26295358	CACM-2455.html
41.	1724	0.2572509	CACM-1725.html
42.	1031	0.25681505	CACM-1032.html
43.	2630	0.25681505	CACM-2631.html
44.	1958	0.2559755	CACM-1959.html
45.	1358	0.25542647	CACM-1359.html
46.	2946	0.2553496	CACM-2947.html
47.	1235	0.2507608	CACM-1236.html
48.	2710	0.2507608	CACM-2711.html
49.	1746	0.24959369	CACM-1747.html
50.	1612	0.24941622	CACM-1613.html
51.	238	0.24565716	CACM-0239.html
52.	291	0.24565716	CACM-0292.html
53.	1830	0.24565716	CACM-1831.html
54.	2531	0.24565716	CACM-2532.html
55.	2560	0.24531764	CACM-2561.html
56.	2031	0.23892593	CACM-2032.html
57.	2492	0.23892593	CACM-2493.html
58.	1959	0.23832633	CACM-1960.html
59.	2574	0.23623443	CACM-2575.html
60.	1975	0.23291053	CACM-1976.html
61.	2713	0.2318515	CACM-2714.html
62.	2845	0.23022163	CACM-2846.html
63.	1787	0.22707391	CACM-1788.html
64.	3133	0.22261603	CACM-3134.html
65.	2895	0.22205634	CACM-2896.html
66.	2159	0.22039233	CACM-2160.html
67.	1366	0.21977878	CACM-1367.html
68.	1710	0.21719776	CACM-1711.html
69.	2794	0.21719776	CACM-2795.html
70.	1261	0.21610773	CACM-1262.html
71.	439	0.20856614	CACM-0440.html
72.	1651	0.20711954	CACM-1652.html
73.	1513	0.20635842	CACM-1514.html
74.	1827	0.20607825	CACM-1828.html
75.	2140	0.20479368	CACM-2141.html
76.	2542	0.20479368	CACM-2543.html
77.	2411	0.2047143	CACM-2412.html
78.	2551	0.2047143	CACM-2552.html
79.	2780	0.2047143	CACM-2781.html
80.	1455	0.20312296	CACM-1456.html
81.	2622	0.20312296	CACM-2623.html
82.	2483	0.202765	CACM-2484.html
83.	3134	0.20197439	CACM-3135.html
84.	2450	0.20110689	CACM-2451.html
85.	2721	0.19743586	CACM-2722.html
86.	1107	0.19457446	CACM-1108.html
87.	2376	0.19457446	CACM-2377.html
88.	405	0.19209304	CACM-0406.html
89.	1526	0.1893306	CACM-1527.html
90.	2990	0.18778704	CACM-2991.html
91.	1679	0.18740638	CACM-1680.html
92.	1193	0.18609634	CACM-1194.html
93.	3074	0.18597947	CACM-3075.html
94.	1741	0.18540506	CACM-1742.html
95.	1529	0.18354164	CACM-1530.html
96.	2387	0.18319824	CACM-2388.html
97.	2649	0.18319824	CACM-2650.html
98.	2745	0.18319824	CACM-2746.html
99.	2894	0.18130824	CACM-2895.html
100.	2265	0.18030451	CACM-2266.html
